9
Faro       Leiria     VilaReal   Beja       Santarem   Setubal    Lisboa     Evora      Braga      
0.00       313.06     476.38     110.91     255.25     187.60     215.52     172.61     505.08     
313.06     0.00       194.60     209.46     57.98      136.24     119.27     152.28     202.27     
476.38     194.60     0.00       365.50     243.11     323.74     311.86     303.82     63.20      
110.91     209.46     365.50     0.00       153.49     106.22     135.13     61.98      395.48     
255.25     57.98      243.11     153.49     0.00       80.98      70.55      100.08     257.66     
187.60     136.24     323.74     106.22     80.98      0.00       29.37      85.75      338.06     
215.52     119.27     311.86     135.13     70.55      29.37      0.00       107.88     321.28     
172.61     152.28     303.82     61.98      100.08     85.75      107.88     0.00       333.62     
505.08     202.27     63.20      395.48     257.66     338.06     321.28     333.62     0.00    